-0.781 1
-3.298 1
0.13 1
0.316 1
1.966 1
-4.775 1
-1.459 1
0.274 1
0.419 1
3.784 1
-0.905 1
-1.805 1
-4.106 1
-1.367 1
1.226 1
0.129 1
2.636 1
0.497 1
0.737 1
-0.527 1
3.417 1
-0.959 1
3.858 1
0.287 1
1.626 1
-0.2 1
0.041 1
0.019 1
-0.596 1
0.487 1
1.552 1
-0.529 1
-0.255 1
0.364 1
1.718 1
0.173 1
-2.126 1
0.725 1
-0.408 1
-0.02 1
1.819 1
0.378 1
0.888 1
0.393 1
2.499 1
-4.718 1
-0.727 1
-0.236 1
0.36 1
1.497 1
0.89 2
0.137 2
-2.822 2
5.808 2
6.025 2
-3.671 2
-0.872 2
6.814 2
6.964 2
1.358 2
-5.027 2
-8.326 2
0.861 2
1.759 2
-5.571 2
-0.119 2
3.057 2
-1.963 2
-0.338 2
2.577 2
-1.811 2
-0.749 2
7.056 2
-7.578 2
-0.664 2
-1.187 2
-0.704 2
5.904 2
7.918 2
-2.365 2
-4.088 2
1.72 2
2.117 2
4.104 2
-2.923 2
-3.024 2
-0.261 2
2.659 2
-2.401 2
-4.9 2
-0.539 2
2.796 2
0.353 2
-2.964 2
0.196 2
-0.34 2
-1.426 2
-1.953 2
7.898 2
0.113 2
