1.55 -0.364
0.037 0.768
-0.072 0.459
-1.739 -0.64
-0.132 0.751
-0.485 0.656
1.034 -1.29
-0.746 0.191
-0.197 0.043
-2.053 0.658
1.131 -0.535
-0.429 1.255
0.786 1.306
-0.284 -0.263
-2.258 0.737
-1.106 1.352
0.726 0.198
-0.664 -0.757
-1.102 -1.6
-0.109 -0.138
-0.571 -1.145
-1.967 -0.8
-2.565 1.043
-0.856 0.395
0.297 0.941
0.043 -1.446
-0.555 0.562
0.995 1.698
0.041 -0.93
0.196 -0.334
1.477 1.228
-1.449 -0.545
1.077 -1.525
-1.554 -0.388
-0.248 -1.032
0.197 -1.742
-1.081 1.16
0.651 -0.248
1.54 -0.821
-0.768 -1.279
-2.623 0.841
-0.417 -0.08
-1.07 -0.906
0.085 1.511
0.331 0.153
0.368 -0.004
0.746 -0.751
-0.156 -0.378
-0.558 1.234
-1.358 -0.681
