0.332 1.12
0.419 1.269
0.607 1.589
0.039 0.62
-0.429 -0.18
-0.808 -0.827
-0.108 0.368
0.574 1.533
-0.089 0.401
-0.782 -0.782
-0.915 -1.009
0.859 2.019
-0.579 -0.436
-0.43 -0.182
-1.539 -2.075
2.696 5.157
-1.057 -1.252
-0.033 0.496
0.488 1.385
-0.219 0.179
-0.657 -0.569
-0.871 -0.934
-1.352 -1.756
-1.441 -1.908
-0.078 0.42
-0.79 -0.796
-0.955 -1.077
-1.441 -1.907
0.3 1.066
-0.464 -0.24
-1.222 -1.533
-1.414 -1.862
0.525 1.45
-1.042 -1.226
0.145 0.801
1.746 3.535
-0.233 0.155
0.284 1.038
-0.198 0.215
1.67 3.405
-0.099 0.384
0.816 1.947
1.665 3.397
-0.931 -1.036
1.518 3.146
0.135 0.784
-1.035 -1.215
-0.612 -0.492
-1.523 -2.048
-0.53 -0.352
